2
0.003128 0.004401 0.004018 0.002388 0.002167
0.008088 0.008178 0.009760 0.009674 0.010256
0.037081 0.029843 0.051665 0.033977 0.018259
0.038180 0.037012 0.041362 0.076941 0.040431
0.054996 0.075786 0.137823 0.051481 0.055756
4
0.001718 0.002354 0.002285 0.002415 0.003218
0.008281 0.008586 0.008137 0.008537 0.008655
0.022881 0.021860 0.016451 0.019231 0.018607
0.047862 0.032474 0.034714 0.047055 0.029932
0.051778 0.079453 0.060138 0.049472 0.094362
9
0.001793 0.002030 0.001419 0.001444 0.002711
0.007810 0.004551 0.007232 0.004632 0.005114
0.015882 0.016405 0.014379 0.022372 0.013939
0.024827 0.027819 0.027715 0.033210 0.034565
0.079234 0.047862 0.044305 0.039549 0.050027