2
0.002073 0.001640 0.002034 0.001635 0.001699
0.006514 0.006888 0.008023 0.006329 0.008014
0.017093 0.014981 0.015509 0.015459 0.024115
0.030481 0.027160 0.030428 0.026767 0.028984
0.040500 0.060842 0.054329 0.041946 0.047099
4
0.000889 0.000843 0.001212 0.001033 0.001111
0.003493 0.003932 0.004108 0.005072 0.003493
0.008146 0.012270 0.009109 0.015104 0.008128
0.027602 0.024789 0.018844 0.019258 0.013885
0.041403 0.034061 0.039584 0.029908 0.023613
9
0.000645 0.000571 0.000710 0.001392 0.000636
0.002921 0.002589 0.002098 0.003442 0.001984
0.005978 0.009263 0.005060 0.006190 0.006970
0.012602 0.017919 0.012040 0.010474 0.013392
0.015530 0.023402 0.015388 0.015525 0.025496