4
2.416330 2.301620 2.186789 2.279607 2.302892
3.663521 3.574443 3.804558 3.538361 3.584663
6.605584 6.489534 6.502802 6.194341 6.740579
9.256489 9.306758 10.107056 9.188669 8.900677
14.193397 14.326339 14.518964 14.879118 14.324461
17.353464 18.279907 20.276581 19.492078 17.823447
9
1.784070 1.786278 1.720447 1.721038 1.698196
2.493085 2.546566 2.566641 2.524527 2.514185
5.329867 5.626523 5.347379 5.388404 5.688119
7.124189 7.153699 7.251279 7.154835 8.990552
9.662898 11.031785 9.889137 8.871666 10.789375
15.636812 17.028754 15.110332 16.627097 17.253202